<<<<<<< HEAD
x1: -143.0
x2: 47.0
x3: 18.0
=======
x1: -2.9021739130434767
x2: -5.184782608695651
x3: -4.576086956521738
>>>>>>> 15c14e65208321ec25a16f4a34ebecf65719f0b5
