x1: -2.9021739130434767
x2: -5.184782608695651
x3: -4.576086956521738